WALLS  1
0  1  -165.5 50  0  1  0  0  0
VERTICES  1179
19.2965       4.52903       -3.59852      			0
6.32378       4.63492       0.13705       			0
11.2283       3.36416       -1.11384      			0
17.2132       5.80423       -2.84437      			0
14.4718       5.97789       -1.98572      			0
11.8755       5.78407       -1.27937      			0
22.323        4.74046       -5.59716      			0
9.06622       4.83987       -0.57185      			0
13.4673       3.75055       -1.70248      			0
19.3651       6.76558       -3.62594      			0
21.0253       6.01543       -4.42467      			0
20.8979       3.59011       -4.34951      			0
22.5682       3.34441       -7.02379      			0
22.6049       1.42601       -6.78885      			0
22.1063       2.43988       -5.30067      			0
17.6621       2.63122       -2.99841      			0
20.7499       1.37535       -4.26632      			0
19.3217       2.05287       -3.60856      			0
10.8589       1.2603        -1.02049      			0
5.50043       2.16495       0.36334       			0
4.06944       4.11309       0.77739       			0
12.5096       -4.25905      -1.44474      			0
14.1035       -6.37331      -1.88014      			0
8.67198       -5.55054      -0.47279      			0
19.1714       -6.08373      -3.54921      			0
22.4537       -4.76555      -5.84285      			0
3.92566       -4.45126      0.82058       			0
5.5005        -2.53695      0.36332       			0
9.21676       -1.80677      -0.60955      			0
12.5311       -1.9071       -1.45042      			0
15.3819       -1.99456      -2.2559       			0
18.2643       -3.27445      -3.21122      			0
21.4534       -2.77938      -4.70765      			0
22.278        -1.53892      -7.79291      			0
22.5963       0.000555729   -6.33253      			0
20.6604       0.00055556    -4.21789      			0
15.6799       3.32974       -2.34747      			0
14.5079       1.54137       -1.99618      			0
12.6524       1.75774       -1.48249      			0
9.26017       2.019         -0.62042      			0
7.38042       2.2989        -0.14275      			0
3.98929       1.87261       0.80143       			0
14.9185       -4.32488      -2.11661      			0
9.99722       -3.96713      -0.80455      			0
16.8035       -6.0143       -2.70724      			0
11.3668       -6.12188      -1.14905      			0
6.26733       -4.99687      0.15232       			0
21.1717       -5.74002      -4.51561      			0
22.4497       -3.38432      -7.41892      			0
3.59368       -1.98075      0.92147       			0
7.56998       -2.88349      -0.19189      			0
11.038        -2.23198      -1.06568      			0
13.8956       -2.35077      -1.82145      			0
16.6913       -2.9075       -2.67023      			0
19.9497       -3.12851      -3.87275      			0
22.5017       -2.1578       -5.96061      			0
22.2803       0.000555701   -7.78856      			0
21.8868       0.000555667   -5.06771      			0
19.265        0.000555438   -3.58601      			0
17.8524       0.000555314   -3.06487      			0
16.4106       0.000555188   -2.57875      			0
15.0061       0.000555065   -2.14267      			0
13.5258       0.000554936   -1.71857      			0
12.0786       0.000554809   -1.33195      			0
10.6463       0.000554684   -0.96703      			0
9.21056       0.000554559   -0.608        			0
7.78411       0.000554434   -0.24706      			0
6.33399       0.000554307   0.13429       			0
4.89986       0.000554182   0.53371       			0
3.48592       0.000554058   0.95457       			0
1.27385       3.26333       3.2886        			0
2.00314       3.03023       1.4282        			0
2.00314       -3.03112      1.4282        			0
2.00314       0.000553929   1.4282        			0
1.27385       -0.00144614   3.2886        			0
1.27385       -3.26422      3.2886        			0
26.0803       -10.7099      -2.02962      			0
28.1619       -10.2273      -4.26865      			0
25.3544       -9.16612      -5.15943      			0
23.0691       -9.74857      -3.25339      			0
27.3626       -8.62241      -6.64056      			0
30.0013       -9.42143      -6.50834      			0
23.1829       -10.976       0.66197       			0
32.9095       10.4063       -5.61583      			0
20.3559       -9.93529      -1.6543       			0
17.6733       -9.69788      -0.96748      			0
15.2564       -9.86832      0.8881        			0
12.0806       -9.24805      0.88662       			0
9.57328       -8.95323      1.7254        			0
6.41065       -8.24193      2.1716        			0
27.3171       -11.2682      1.4249        			0
29.3441       -11.1286      -1.07844      			0
31.2011       -10.8511      -3.39547      			0
33.1085       -10.437       -5.60851      			0
25.0963       -7.09982      -7.46554      			0
35.0716       -10.1537      -7.14894      			0
3.36408       -7.29964      2.6344        			0
22.1889       -5.29559      -7.89732      			0
22.5601       -7.51332      -6.2289       			0
20.8599       -8.60084      -4.32804      			0
18.2341       -8.68318      -3.21356      			0
15.5397       -8.56019      -2.31563      			0
12.8019       -8.30549      -1.52572      			0
10.0404       -7.92264      -0.81699      			0
7.30505       -7.43849      -0.11605      			0
4.62356       -6.83989      0.62253       			0
2.00314       -6.0628       1.4282        			0
1.27385       -6.529        3.2886        			0
25.1487       10.7751       -1.3676       			0
27.2176       10.2773       -3.77683      			0
25.5772       8.83174       -5.72109      			0
23.7103       9.48631       -4.00338      			0
28.935        9.17546       -6.47718      			0
23.0248       11.056        1.3975        			0
19.0805       10.6267       1.4881        			0
20.9846       10.0375       -1.69152      			0
17.2912       9.67516       -0.83533      			0
14.708        9.28895       -0.501        			0
15.5491       10.0905       1.5869        			0
12.5642       9.30251       0.74456       			0
9.64985       8.96434       1.7055        			0
6.42263       8.24784       2.1802        			0
27.0472       11.2693       1.6217        			0
28.9665       11.1345       -0.89546      			0
30.8394       10.8393       -3.31789      			0
25.4132       7.15064       -7.52377      			0
35.0502       10.1462       -7.15497      			0
3.36613       7.30439       2.6466        			0
4.62356       6.839         0.62253       			0
7.30505       7.43759       -0.11605      			0
10.0404       7.92174       -0.81699      			0
12.8019       8.3046        -1.52572      			0
15.5397       8.5593        -2.31563      			0
18.2341       8.68229       -3.21356      			0
20.8599       8.59995       -4.32804      			0
22.5601       7.51243       -6.2289       			0
22.1889       5.2947        -7.89732      			0
1.27385       6.52811       3.2886        			0
2.00314       6.06191       1.4282        			0
41.8168       -11.2007      -6.08789      			0
39.6931       -11.2189      -4.15817      			0
38.4894       -11.2829      -1.58489      			0
36.4585       -11.3003      1.245         			0
38.0578       -10.7185      -6.88788      			0
36.1544       -10.9569      -4.74123      			0
34.3118       -11.1373      -2.54569      			0
32.5173       -11.2564      -0.27563      			0
30.8039       -11.3074      2.0383        			0
41.8168       11.1999       -6.08704      			0
39.692        11.218        -4.15839      			0
38.4897       11.282        -1.58521      			0
36.4585       11.2994       1.2449        			0
30.8039       11.3065       2.0383        			0
32.5173       11.2555       -0.27563      			0
34.3118       11.1364       -2.54569      			0
36.1544       10.956        -4.74123      			0
38.0578       10.7176       -6.88788      			0
122.545       11.1898       -2.57508      			0
124.497       11.2254       -1.32355      			0
121.257       11.0115       -4.65436      			0
118.878       11.0076       -5.5524       			0
117.332       10.867        -6.89716      			0
115.434       10.9125       -7.29958      			0
125.847       11.2919       0.86572       			0
122.622       -11.1824      -2.65684      			0
124.556       -11.2205      -1.38608      			0
121.305       -11.001       -4.70565      			0
118.892       -11.0054      -5.56833      			0
117.334       -10.8674      -6.89853      			0
115.434       -10.9136      -7.29839      			0
125.864       -11.2922      0.84838       			0
105.327       11.3093       -3.94611      			0
108.792       11.2985       -4.80867      			0
113.388       11.3006       1.0931        			0
102.764       11.3055       -6.36486      			0
112.335       11.2925       -3.00183      			0
19.0773       -10.6001      1.3411        			0
115.468       11.2899       -1.48933      			0
117.197       11.2996       1.3265        			0
109.991       11.3039       0.20282       			0
106.829       11.3044       0.0413103     			0
113.043       11.066        -6.96909      			0
116.035       11.1695       -4.70149      			0
118.729       11.2509       -2.12667      			0
120.936       11.297        0.89757       			0
105.326       -11.3102      -3.94719      			0
72.9534       -11.2879      -0.0751801    			0
113.387       -11.3014      1.0928        			0
102.764       -11.3063      -6.36513      			0
112.335       -11.2934      -3.00219      			0
115.468       -11.2908      -1.48949      			0
117.197       -11.3005      1.3264        			0
109.99        -11.3048      0.20238       			0
106.828       -11.3052      0.0403996     			0
120.936       -11.2979      0.89757       			0
118.729       -11.2517      -2.12667      			0
116.035       -11.1704      -4.70149      			0
113.043       -11.0669      -6.96909      			0
93.9815       -11.288       -0.2015       			0
89.5778       -11.2879      -0.0821104    			0
85.3155       -11.2879      -0.0687103    			0
81.1598       -11.2879      -0.0687599    			0
77.0474       -11.2879      -0.0678701    			0
108.792       -11.2994      -4.80914      			0
68.8693       -11.2879      -0.0903597    			0
64.8796       -11.2879      -0.0710201    			0
90.8261       -11.2922      -4.51105      			0
21.3913       -2.76864      -9            			0
133.71        -6.82887      4.4           			0
147.96        0.280598      4.4           			0
61.3467       -11.2872      0.65846       			0
57.8099       -11.2879      -0.0694599    			0
53.7803       -11.2879      -0.0788898    			0
86.6859       -11.2922      -4.51092      			0
82.5439       -11.2922      -4.52158      			0
78.4246       -11.2922      -4.53077      			0
74.311        -11.2922      -4.5313       			0
70.1563       -11.2922      -4.53442      			0
65.8811       -11.2922      -4.52529      			0
61.3769       -11.2919      -4.15793      			0
56.8983       -11.2922      -4.51759      			0
52.7229       -11.2922      -4.52699      			0
49.6756       -11.2879      -0.10769      			0
49.0468       -11.2928      -5.11107      			0
46.5602       -11.2901      -2.32823      			0
45.1878       -11.2868      1.0748        			0
94.6989       -11.2928      -5.15252      			0
97.5933       -11.2905      -2.72909      			0
98.8257       -11.2871      0.69364       			0
45.0513       -11.308       -5.6498       			0
42.996        -11.3098      -2.2996       			0
40.9406       -11.3018      1.0503        			0
103.631       -11.304       0.44288       			0
101.789       -11.3103      -3.16277      			0
99.2133       -11.3066      -6.2724       			0
57.464        7.20322       -9            			0
61.4336       7.47048       -9            			0
65.4596       7.5188        -9            			0
69.5127       7.52697       -9            			0
73.5713       7.52775       -9            			0
77.6304       7.52698       -9            			0
81.6896       7.52739       -9            			0
85.7498       7.53061       -9            			0
89.8162       7.53286       -9            			0
93.91         7.52909       -9            			0
98.1181       7.51533       -9            			0
102.43        7.47382       -9            			0
106.705       7.37308       -9            			0
110.726       7.22166       -9            			0
114.435       7.03978       -9            			0
117.754       6.98351       -9            			0
120.566       7.51763       -9            			0
122.918       6.30716       -9            			0
125.79        6.0868        -9            			0
131.795       3.337         -9            			0
127.835       3.7297        -9            			0
123.745       3.28563       -9            			0
119.82        3.90581       -9            			0
115.691       3.56813       -9            			0
111.867       3.5782        -9            			0
107.944       3.64268       -9            			0
103.889       3.69518       -9            			0
99.7624       3.72866       -9            			0
95.6442       3.74597       -9            			0
91.5715       3.75325       -9            			0
87.5323       3.75379       -9            			0
83.5038       3.75134       -9            			0
79.4775       3.75071       -9            			0
75.4516       3.75201       -9            			0
71.4258       3.75259       -9            			0
67.4025       3.74967       -9            			0
63.3986       3.73249       -9            			0
59.4995       3.65235       -9            			0
56.1395       3.38184       -9            			0
53.1528       5.80783       -9            			0
49.3901       6.96034       -9            			0
46.204        5.90003       -9            			0
42.5309       5.49406       -9            			0
38.7079       5.02499       -9            			0
34.8223       4.40757       -9            			0
31.0442       3.69547       -9            			0
135.093       2.63108       -9            			0
27.8442       3.02301       -9            			0
113.52        10.6754       -9            			0
109.871       10.9478       -9            			0
105.32        11.2158       -9            			0
100.757       11.2963       -9            			0
43.5434       11.055        -9            			0
40.0288       10.4233       -9            			0
36.1102       9.38409       -9            			0
32.2754       8.09478       -9            			0
28.5147       6.59751       -8.99999      			0
24.8684       4.84585       -9            			0
21.3913       2.76775       -9            			0
126.134       -3.40258      -9            			0
98.1271       -7.3756       -9            			0
93.8982       -7.62024      -9            			0
103.043       -6.79292      -9            			0
122.67        -3.37041      -9            			0
119.008       -3.62466      -9            			0
114.879       -4.30421      -9            			0
110.595       -3.82642      -9            			0
106.522       -3.53495      -9            			0
103.134       -2.8281       -9            			0
99.6807       -3.48944      -9            			0
95.5429       -3.75096      -9            			0
107.873       -7.36501      -9            			0
111.915       -7.53737      -9            			0
114.955       -7.9684       -9            			0
117.588       -7.13183      -9            			0
120.849       -6.92251      -9            			0
123.969       -6.21568      -9            			0
90.4582       -8.05033      -9            			0
91.5147       -4.19471      -9            			0
126.628       -6.25789      -9            			0
129.407       -4.55745      -9            			0
132.278       -2.95465      -9            			0
87.2326       -5.85793      -9            			0
82.6343       -5.80799      -9            			0
78.5039       -5.81222      -9            			0
74.4455       -5.81259      -9            			0
70.3835       -5.7968       -9            			0
66.2172       -5.68029      -9            			0
61.3749       -4.96802      -9            			0
56.5613       -5.70651      -9            			0
52.5262       -5.98864      -9            			0
49.2872       -7.0057       -9            			0
46.1985       -5.90723      -9            			0
34.8327       -4.40699      -9            			0
51.1977       -11.2966      -9            			0
63.4716       -11.2965      -9            			0
75.7455       -11.2965      -9            			0
92.1107       -11.2965      -9            			0
43.5434       -11.0559      -9            			0
105.32        -11.2166      -9            			0
96.202        -11.2965      -9            			0
109.871       -10.9487      -9            			0
137.21        -0.00143425   -9            			0
129.222       -0.00143495   -9            			0
141.204       -0.0014339    -9            			0
121.235       -0.00143565   -9            			0
113.52        -10.6763      -9            			0
113.247       -0.00143635   -9            			0
55.289        -11.2965      -9            			0
101.266       -0.00143739   -9            			0
97.2725       -0.00143774   -9            			0
85.2912       -0.00143879   -9            			0
88.0194       -11.2965      -9            			0
133.216       -0.0014346    -9            			0
125.229       -0.0014353    -9            			0
89.285        -0.00143844   -9            			0
83.9281       -11.2965      -9            			0
100.757       -11.2972      -9            			0
49.3475       -0.00144193   -9            			0
81.2975       -0.00143914   -9            			0
31.0499       -3.69506      -9            			0
117.241       -0.001436     -9            			0
109.254       -0.0014367    -9            			0
59.3803       -11.2965      -9            			0
67.5629       -11.2965      -9            			0
57.335        -0.00144123   -9            			0
61.3288       -0.00144089   -9            			0
65.3225       -0.00144054   -9            			0
69.3163       -0.00144019   -9            			0
79.8368       -11.2965      -9            			0
71.6542       -11.2965      -9            			0
45.3538       -0.00144228   -9            			0
38.72         -5.02576      -9            			0
135.174       -2.57136      -9            			0
27.8465       -3.02365      -9            			0
47.1064       -11.2966      -9            			0
105.26        -0.00143704   -9            			0
93.2787       -0.00143809   -9            			0
33.3726       -0.00144333   -9            			0
25.3851       -0.00144403   -9            			0
41.3601       -0.00144263   -9            			0
29.3788       -0.00144368   -9            			0
21.3913       -0.00144438   -9.00007      			0
73.31         -0.00143984   -9            			0
77.3038       -0.00143949   -9            			0
37.3663       -0.00144298   -9            			0
53.3413       -0.00144158   -9            			0
139.423       -3.55029      4.4           			0
137.9         -7.31618      4.4           			0
124.853       -1.63319      4.4           			0
123.432       1.90493       4.4           			0
131.232       -6.42484      4.4           			0
135.906       -7.10691      4.4           			0
139.871       -7.36053      4.4           			0
144.314       5.61728       4.4           			0
151.03        4.23509       4.4           			0
150.49        1.59126       4.4           			0
150.55        -3.56657      4.4           			0
148.627       -4.95971      4.4           			0
152.828       2.64611       4.4           			0
141.967       5.48132       4.4           			0
144.018       7.42663       4.4           			0
142.109       8.05033       4.4           			0
116.592       -1.31615      4.4           			0
118.386       -4.90493      4.4           			0
120.674       -1.52668      4.4           			0
142.239       -7.43065      4.4           			0
156.862       2.31783       4.4           			0
107.652       -0.280549     4.4           			0
148.376       3.6072        4.4           			0
145.96        4.67288       4.4           			0
139.824       7.08291       4.4           			0
113.9         0.371982      4.4           			0
122.041       -4.96425      4.4           			0
126.117       5.21048       4.4           			0
125.456       -5.28667      4.4           			0
128.464       -5.87787      4.4           			0
152.657       -0.0058829    4.4           			0
106.534       -3.78914      4.4           			0
112.78        2.9202        4.4           			0
114.893       -5.01505      4.4           			0
154.969       3.84985       4.4           			0
153.122       5.14803       4.4           			0
151.733       6.18698       4.4           			0
149.978       6.15005       4.4           			0
147.906       6.45104       4.4           			0
145.953       7.01762       4.4           			0
154.843       1.11066       4.4           			0
119.561       2.04385       4.4           			0
116.052       2.53358       4.4           			0
109.334       2.859         4.4           			0
105.546       2.43969       4.4           			0
111.052       0.133537      4.4           			0
112.983       -2.34944      4.4           			0
111.968       -5.10371      4.4           			0
109.826       -3.0182       4.4           			0
89.8887       2.7023        4.4           			0
104.086       -1.15861      4.4           			0
87.028        -4.70705      4.4           			0
127.341       2.10243       4.4           			0
134.037       1.41096       4.4           			0
130.96        2.15874       4.4           			0
137.212       -2.54968      4.4           			0
150.356       -1.10983      4.4           			0
158.723       3.35365       4.4           			0
131.851       -0.979264     4.4           			0
142.833       0.506231      4.4           			0
143.619       3.41871       4.4           			0
145.633       1.78863       4.4           			0
145.117       -1.64226      4.4           			0
139.114       -5.68147      4.4           			0
137.463       -5.14265      4.4           			0
58.9992       -3.2581       4.4           			0
46.0067       -3.0481       4.4           			0
41.6964       -2.92205      4.4           			0
44.0229       0.908743      4.4           			0
63.1059       -3.2733       4.4           			0
61.1594       0.759984      4.4           			0
54.7871       -3.22715      4.4           			0
52.7176       0.757548      4.4           			0
148.066       -2.52397      4.4           			0
143.48        -4.64102      4.4           			0
146.129       -4.50883      4.4           			0
144.776       -6.85902      4.4           			0
133.784       5.18187       4.4           			0
135.276       -4.62109      4.4           			0
130.084       -3.49548      4.4           			0
87.9716       5.35049       4.4           			0
71.4954       4.54678       4.4           			0
67.4096       4.54961       4.4           			0
75.6069       4.53605       4.4           			0
84.0032       4.88973       4.4           			0
91.7583       5.50442       4.4           			0
99.5163       5.22098       4.4           			0
107.582       5.63359       4.4           			0
103.626       5.33815       4.4           			0
67.1834       -3.27786      4.4           			0
69.3287       0.753394      4.4           			0
79.4537       -3.46324      4.4           			0
82.2762       0.560195      4.4           			0
83.4128       -4.00349      4.4           			0
86.412        2.07204       4.4           			0
85.9429       -1.40556      4.4           			0
129.672       -8.71603      4.4           			0
27.85         -4.10494      4.4           			0
25.2911       4.67635       4.4           			0
147.121       -6.77946      4.4           			0
150.933       -5.87071      4.4           			0
152.865       -4.90165      4.4           			0
154.846       -1.54301      4.4           			0
12.6668       2.86701       4.4           			0
21.1159       4.15164       4.4           			0
26.332        -1.26002      4.4           			0
24.4199       -3.83233      4.4           			0
33.7942       5.02118       4.4           			0
29.4907       5.055         4.4           			0
16.9758       3.66701       4.4           			0
15.0669       -0.130157     4.4           			0
16.8645       -3.50131      4.4           			0
149.296       -7.11012      4.4           			0
152.682       -2.52522      4.4           			0
154.93        -4.03484      4.4           			0
156.909       -0.428383     4.4           			0
158.805       0.80464       4.4           			0
160.594       2.15224       4.4           			0
12.0514       -0.699466     4.4           			0
9.53899       0.144078      4.4           			0
6.33883       3.30749       4.4           			0
6.67548       0.755191      4.4           			0
126.865       -7.90378      4.4           			0
113.174       -7.99599      4.4           			0
105.485       -7.48341      4.4           			0
101.888       -7.34649      4.4           			0
93.1821       -7.63247      4.4           			0
33.1531       -1.7347       4.4           			0
37.3681       -2.57411      4.4           			0
73.3473       -7.32982      4.4           			0
69.2753       -7.3213       4.4           			0
65.1999       -7.31913      4.4           			0
61.1171       -7.31052      4.4           			0
30.9844       -4.08261      4.4           			0
52.7865       -7.23317      4.4           			0
42.3532       4.62943       4.4           			0
48.4875       -7.15293      4.4           			0
39.8591       -6.95144      4.4           			0
29.3894       -1.12054      4.4           			0
134.683       -9.1807       4.4           			0
144.066       -9.14591      4.4           			0
140.691       -9.37019      4.4           			0
31.4318       1.87211       4.4           			0
120.198       -8.1372       4.4           			0
155.049       -6.42783      4.4           			0
157.087       -5.59794      4.4           			0
153.116       -7.19668      4.4           			0
14.9758       -6.87528      4.4           			0
113.173       8.51128       4.4           			0
30.4652       -7.41692      4.4           			0
18.8084       -7.16282      4.4           			0
26.5187       -7.50366      4.4           			0
105.842       8.44152       4.4           			0
109.558       8.51008       4.4           			0
132.327       8.42177       4.4           			0
151.315       -7.99388      4.4           			0
22.6823       -7.36896      4.4           			0
93.9064       8.38872       4.4           			0
128.711       8.3145        4.4           			0
120.485       8.3707        4.4           			0
18.9372       0.209018      4.4           			0
7.03107       -2.36309      4.4           			0
10.0694       -3.07969      4.4           			0
8.99564       3.2646        4.4           			0
13.2919       -3.45075      4.4           			0
161.056       -0.382565     4.4           			0
159.127       -1.85516      4.4           			0
157.067       -3.06864      4.4           			0
20.7181       -3.52921      4.4           			0
38.1255       4.81284       4.4           			0
136.717       -9.25973      4.4           			0
36.2362       8.15469       4.4           			0
40.6174       8.06439       4.4           			0
31.6929       8.20658       4.4           			0
19.0766       7.47226       4.4           			0
44.7882       7.98993       4.4           			0
142.39        9.81257       4.4           			0
159.524       -4.66239      4.4           			0
11.2808       -6.41933      4.4           			0
11.0557       6.44597       4.4           			0
27.3246       8.12451       4.4           			0
23.1705       7.8689        4.4           			0
161.568       -3.04851      4.4           			0
14.9931       6.93219       4.4           			0
143.932       9.38901       4.4           			0
109.379       -7.09923      4.4           			0
44.1928       -7.08713      4.4           			0
34.851        -6.46676      4.4           			0
56.9971       -7.28708      4.4           			0
77.4063       -7.37492      4.4           			0
81.4188       -7.51874      4.4           			0
85.3607       -7.75382      4.4           			0
89.257        -7.8897       4.4           			0
97.5607       -6.62005      4.4           			0
146.161       -8.85629      4.4           			0
116.659       -8.12669      4.4           			0
7.74434       -5.72862      4.4           			0
4.38127       -4.71624      4.4           			0
165.669       -0.0100298    4.4           			0
118.61        11.2836       4.4           			0
127.006       -11.2848      4.4           			0
107.834       11.2833       4.4           			0
127.006       11.2847       4.4           			0
115.017       -11.2835      4.4           			0
111.426       -11.2834      4.4           			0
96.0699       -11.2834      4.4           			0
91.9853       -11.2834      4.4           			0
83.816        -11.2834      4.4           			0
71.5621       -11.2834      4.4           			0
67.4774       -11.2834      4.4           			0
55.2235       -11.2834      4.4           			0
59.3082       -11.2834      4.4           			0
75.6467       -11.2834      4.4           			0
100.155       -11.2834      4.4           			0
118.61        -11.2838      4.4           			0
122.203       -11.2849      4.4           			0
122.203       11.284        4.4           			0
7.4882        5.95146       4.4           			0
4.26675       4.93252       4.4           			0
4.01191       1.79409       4.4           			0
1.27385       -3.42755      4.4           			0
1.27385       -0.00144614   4.4           			0
5.03728       8.38685       4.3998        			0
8.98467       9.33708       4.3998        			0
21.0529       11.0465       4.3998        			0
25.1142       11.2388       4.3998        			0
93.9814       11.2871       -0.20308      			0
89.5784       11.287        -0.0849895    			0
77.0504       11.287        -0.0696802    			0
72.9603       11.287        -0.0694799    			0
60.625        11.287        -0.0824099    			0
56.4308       11.287        -0.0857401    			0
86.6881       11.2913       -4.51413      			0
82.5462       11.2913       -4.52468      			0
70.2446       11.2913       -4.5348       			0
66.1498       11.2913       -4.53616      			0
53.7741       11.2914       -4.55266      			0
48.72         11.2856       1.4135        			0
44.8696       11.2859       1.0814        			0
94.7          11.2919       -5.15435      			0
79.7314       11.2827       4.4001        			0
100.155       11.2827       4.4001        			0
101.789       11.3094       -3.16277      			0
96.0699       11.2827       4.4001        			0
87.9007       11.2827       4.4001        			0
4.09771       -1.37487      4.4           			0
1.27385       3.42666       4.4           			0
12.99         10.0532       4.3998        			0
29.1754       11.2851       4.3998        			0
85.3162       11.287        -0.0741501    			0
68.8689       11.287        -0.0713902    			0
52.1705       11.2872       -0.26652      			0
78.4288       11.2913       -4.53368      			0
62.0364       11.2913       -4.53167      			0
49.6407       11.2917       -4.94101      			0
97.5932       11.2896       -2.73048      			0
103.631       11.3031       0.44288       			0
83.816        11.2827       4.4001        			0
75.6467       11.2827       4.4001        			0
67.4774       11.2827       4.4001        			0
63.4716       11.2957       -9            			0
67.5629       11.2957       -9            			0
38.8849       -11.2834      4.4           			0
42.9696       -11.2834      4.4           			0
138.011       7.63397       -4.04759      			0
129.148       10.5812       -2.53982      			0
137.291       8.80488       -2.50069      			0
47.0542       -11.2834      4.4           			0
135.424       9.19922       -2.69886      			0
134.655       10.1998       -0.89649      			0
132.661       10.4966       -0.97491      			0
136.572       9.86646       -0.78815      			0
138.482       9.52464       -0.61834      			0
138.806       6.67727       -5.11255      			0
140.352       6.217         -5.05077      			0
135.038       7.11701       -6.14905      			0
133.151       7.73289       -6.17331      			0
131.33        8.31887       -6.15427      			0
141.67        6.98483       -3.45371      			0
140.416       9.19573       -0.41863      			0
142.341       8.84383       -0.26878      			0
138.984       5.57528       -6.42407      			0
131.246       10.0607       -3.00418      			0
141.093       8.1311        -1.93008      			0
143.518       6.47132       -3.38222      			0
141.557       9.83966       1.24          			0
142.179       5.68916       -4.94616      			0
136.179       7.95839       -4.41263      			0
132.411       8.95815       -4.60976      			0
130.799       9.29771       -4.82263      			0
139.619       10.1209       1.1328        			0
142.995       7.71642       -1.80688      			0
140.818       4.8844        -6.4361       			0
145.286       5.81248       -3.49052      			0
88.0194       11.2957       -9            			0
92.1107       11.2957       -9            			0
75.7455       11.2957       -9            			0
150.349       5.16922       -2.19124      			0
150.133       3.89984       -3.82313      			0
150.684       6.47616       -0.41373      			0
83.9281       11.2957       -9            			0
148.378       3.86023       -4.57402      			0
152.404       6.2803        0.0568199     			0
152.12        5.08564       -1.54858      			0
151.88        3.90198       -3.10919      			0
145.427       9.09807       1.2598        			0
135.744       10.6109       0.9648        			0
147.44        8.54377       1.1114        			0
152.755       7.29458       1.4788        			0
153.968       6.2317        0.67236       			0
153.774       5.02656       -0.90673      			0
155.57        6.15937       1.311         			0
155.37        4.98661       -0.2406       			0
155.24        3.87121       -1.71609      			0
156.93        4.92403       0.41803       			0
156.848       3.85161       -0.99036      			0
158.402       3.83642       -0.2221       			0
156.717       2.71338       -2.37186      			0
158.349       2.70942       -1.56799      			0
59.3803       11.2957       -9            			0
55.289        11.2957       -9            			0
51.1977       11.2957       -9            			0
47.1064       11.2957       -9            			0
45.0513       11.3072       -5.6498       			0
42.996        11.3089       -2.2996       			0
40.9406       11.301        1.0503        			0
38.8848       11.2826       4.4           			0
42.9696       11.2827       4.4001        			0
47.0542       11.2827       4.4001        			0
51.1389       11.2827       4.4001        			0
55.2235       11.2827       4.4001        			0
59.3081       11.2827       4.4001        			0
63.3928       11.2827       4.4001        			0
5.03761       -8.38702      4.4           			0
8.98494       -9.33725      4.4           			0
12.9902       -10.0534      4.4           			0
17.0122       -10.6476      4.4           			0
21.053        -11.0467      4.4           			0
25.1143       -11.2389      4.4           			0
29.1754       -11.286       4.3998        			0
34.0303       -11.284       4.4           			0
63.3928       -11.2834      4.4           			0
79.7314       -11.2834      4.4           			0
87.9007       -11.2834      4.4           			0
104.239       -11.2835      4.4001        			0
107.834       -11.2834      4.4           			0
115.017       11.2834       4.4           			0
111.426       11.2833       4.4           			0
1.27385       -6.85366      4.4           			0
1.27385       6.85277       4.4           			0
17.012        10.6475       4.3998        			0
34.0303       11.2838       4.4003        			0
81.1611       11.287        -0.0717001    			0
64.7596       11.287        -0.0758305    			0
90.8282       11.2913       -4.51373      			0
74.3347       11.2913       -4.5344       			0
57.9059       11.2913       -4.5254       			0
47.4044       11.2889       -2.0161       			0
98.825        11.2863       0.69285       			0
104.239       11.2827       4.4001        			0
91.9853       11.2827       4.4001        			0
71.5621       11.2827       4.4001        			0
71.6542       11.2957       -9            			0
51.1389       -11.2834      4.4           			0
79.8368       11.2957       -9            			0
148.002       2.69742       -6.01533      			0
149.82        2.72091       -5.29861      			0
151.592       2.7324        -4.58589      			0
129.582       8.92864       -6.03096      			0
143.483       9.51764       1.3028        			0
151.274       7.63332       1.3081        			0
153.333       2.73176       -3.86692      			0
149.445       8.01937       1.1099        			0
153.586       3.88689       -2.41723      			0
155.043       2.72317       -3.13311      			0
96.202        11.2957       -9            			0
133.486       9.64804       -2.81417      			0
139.179       8.4783        -2.20706      			0
139.818       7.36703       -3.64934      			0
157.161       5.92729       1.7944        			0
158.401       4.86015       1.0868        			0
134.296       8.44172       -4.53381      			0
137.147       6.53297       -6.02993      			0
158.458       5.68943       2.1771        			0
146.78        6.2756        -2.29158      			0
146.893       4.93269       -3.90357      			0
146.626       3.80682       -5.32853      			0
137.677       10.38         1.0348        			0
143.997       5.15439       -4.81603      			0
142.777       4.28496       -6.31714      			0
161.306       3.97515       1.6756        			0
146.043       2.67488       -6.75962      			0
144.258       8.39246       -0.25837      			0
144.77        3.89312       -5.96002      			0
145.522       4.72689       -4.70899      			0
161.456       2.7879        0.29242       			0
159.735       4.92547       1.9289        			0
159.886       3.86452       0.64103       			0
159.93        2.72629       -0.69564      			0
146.25        7.75508       -0.48267      			0
144.883       7.13302       -1.90983      			0
148.558       5.12435       -2.98717      			0
148.533       6.77669       -0.92309      			0
162.921       2.90399       1.4471        			0
59.2235       4.54559       4.4           			0
77.6005       0.689588      4.4           			0
96.7448       2.11149       4.4           			0
93.9072       -0.400927     4.4           			0
93.8925       -3.88371      4.4           			0
93.1966       2.64762       4.4           			0
91.3508       0.56796       4.4           			0
91.1231       -1.90489      4.4           			0
90.4547       -4.78405      4.4           			0
88.5706       -2.58214      4.4           			0
73.4199       0.740762      4.4           			0
127.435       -3.29192      4.4           			0
140.99        -5.15303      4.4           			0
141.931       -2.47022      4.4           			0
134.634       -1.75306      4.4           			0
42.5394       -5.49553      -9            			0
136.725       0.296325      4.4           			0
138.52        1.97541       4.4           			0
139.67        -0.47544      4.4           			0
136.469       3.27373       4.4           			0
139.064       4.41974       4.4           			0
137.12        6.33952       4.4           			0
35.5937       1.49042       4.4           			0
69.5072       8.00694       4.4           			0
73.5963       8.00556       4.4           			0
77.7034       8.01202       4.4           			0
81.8229       8.08821       4.4           			0
116.778       8.45684       4.4           			0
124.517       8.30526       4.4           			0
142.395       -9.66267      4.4           			0
132.481       -9.03427      4.4           			0
138.701       -9.30517      4.4           			0
148.208       -8.73587      4.4           			0
149.914       -8.77974      4.4           			0
145.808       9.04636       4.4           			0
147.725       8.67889       4.4           			0
149.653       8.27509       4.4           			0
151.537       7.89861       4.4           			0
153.312       7.33305       4.4           			0
155.119       6.44224       4.4           			0
132.878       11.1402       2.6339        			0
134.806       11.0476       2.6848        			0
140.667       10.6689       2.7804        			0
121.06        9.38142       -9.00002      			0
124.089       9.29134       -7.90846      			0
138.709       10.8115       2.74          			0
123.005       8.92756       -9.00002      			0
136.755       10.9362       2.7074        			0
122.286       9.83926       -7.65475      			0
125.998       9.14711       -7.32576      			0
145.513       1.32262       -8.06306      			0
147.511       1.40732       -7.31375      			0
149.383       1.43863       -6.62001      			0
39.8131       1.1049        4.4           			0
48.3291       0.803005      4.4           			0
57.009        0.758984      4.4           			0
50.4182       -3.15122      4.4           			0
122.155       5.2427        4.4           			0
143.481       0.946815      -9.00009      			0
139.81        2.59299       -9.00008      			0
134.297       4.96279       -9.00007      			0
164.012       4.28953       4.4           			0
132.451       5.72217       -9.00006      			0
136.137       4.18797       -9.00007      			0
162.336       5.33734       4.4           			0
137.972       3.39994       -9.00008      			0
141.644       1.77062       -9.00009      			0
55.0535       4.51799       4.4           			0
111.261       5.73196       4.4           			0
95.549        5.40099       4.4           			0
79.8122       4.55594       4.4           			0
63.3253       4.55041       4.4           			0
151.191       1.45689       -5.93008      			0
152.97        1.46794       -5.22402      			0
154.728       1.47497       -4.49126      			0
156.463       1.48172       -3.72192      			0
145.623       10.9801       4.4           			0
151.449       9.90712       4.4           			0
149.522       10.3451       4.4           			0
144.558       10.215        2.8497        			0
157.188       5.2567        4.4           			0
135.556       8.99315       4.4           			0
163.476       -1.57303      4.4           			0
159.092       5.31726       4.4           			0
131.082       11.2125       2.5088        			0
137.734       11.2565       4.4           			0
133.784       11.2761       4.4           			0
61.3359       8.00613       4.4           			0
89.919        8.36815       4.4           			0
85.9042       8.24595       4.4           			0
65.4225       8.00715       4.4           			0
142.615       10.4763       2.828         			0
145.874       -6.8924       -1.84387      			0
145.448       -5.0073       -4.403        			0
144.703       -3.96131      -5.9125       			0
143.601       -5.20361      -4.92109      			0
143.223       -7.07108      -2.68167      			0
140.076       -7.73356      -2.97723      			0
141.712       -5.54404      -5.31426      			0
140.853       -6.69663      -4.20281      			0
138.774       -5.36113      -6.75259      			0
135           -10.2393      -0.61405      			0
137.581       -9.1383       -1.77132      			0
139.022       -7.11679      -4.38195      			0
137.184       -5.85643      -6.85528      			0
132.607       -8.98385      -4.47181      			0
134.236       -9.55492      -2.62377      			0
136.337       -8.71657      -3.10294      			0
137.047       -7.60573      -4.53255      			0
128.11        -9.46437      -5.80736      			0
117.146       10.18         -9            			0
120.721       10.4348       -7.0116       			0
124.144       10.6822       -4.78672      			0
140.618       -4.78218      -6.63376      			0
142.609       -6.34957      -3.92525      			0
139.85        -6.00982      -5.533        			0
133.016       -10.4855      -0.83372      			0
136.815       -9.9818       -0.4036       			0
138.256       -8.17397      -3.11934      			0
137.964       -6.49359      -5.7244       			0
133.384       -7.69953      -6.112        			0
131.768       -10.0822      -2.68689      			0
136.001       -9.5467       -1.75334      			0
134.879       -8.27163      -4.53142      			0
135.751       -6.87818      -6.17562      			0
142.61        -4.25971      -6.41181      			0
144.375       -7.47548      -1.63004      			0
118.97        10.3097       -8.01929      			0
125.76        10.8008       -3.56717      			0
122.448       10.5591       -5.93853      			0
139.372       -8.74167      -1.67464      			0
135.866       -10.6295      1.0853        			0
161.464       -2.79041      0.2996        			0
141.797       -7.36857      -2.83244      			0
144.448       -6.25747      -3.28534      			0
141.152       -8.35866      -1.54925      			0
142.836       -7.95517      -1.48924      			0
146.039       -5.84496      -3.13574      			0
147.379       -6.11458      -2.24329      			0
147.16        -4.97239      -3.74746      			0
131.809       -11.2807      4.4           			0
162.927       -2.90393      1.4501        			0
131.082       -11.2134      2.5088        			0
103.614       -4.47697      4.4           			0
100.803       -3.22967      4.4           			0
101.051       1.38915       4.4           			0
97.2765       -1.74978      4.4           			0
88.8056       -0.0831265    4.4           			0
75.3384       -3.31791      4.4           			0
71.2569       -3.28417      4.4           			0
65.2494       0.756174      4.4           			0
50.7897       4.48417       4.4           			0
46.5377       4.51856       4.4           			0
160.633       6.34008       4.4           			0
158.874       7.23825       4.4           			0
141.685       11.2615       4.4           			0
163.148       1.55896       4.4           			0
160.47        4.32506       4.4           			0
140.651       9.38113       4.4           			0
138.393       9.04126       4.4           			0
162.034       3.5127        4.4           			0
123.862       -8.15241      4.4           			0
129.5         -10.5251      -2.54654      			0
161.019       -5.13646      3.0505        			0
164.32        -3.04289      2.809         			0
143.403       -9.58116      1.3861        			0
132.019       -10.9736      0.88208       			0
150.738       -6.39518      -0.49441      			0
148.06        -2.74531      -5.94781      			0
143.637       -2.67398      -7.62151      			0
139.351       -4.08735      -7.86556      			0
135.818       -5.55925      -7.7701       			0
131.949       -7.09857      -7.60266      			0
150.508       -5.08989      -2.22365      			0
128.299       -8.39999      -7.47624      			0
152.403       -6.26766      0.0392399     			0
145.52        -1.3411       -8.04738      			0
149.407       -1.45938      -6.5946       			0
152.985       -1.47102      -5.21602      			0
152.171       -5.05752      -1.56262      			0
156.478       -1.48727      -3.71057      			0
141.289       -3.39196      -7.80149      			0
137.547       -4.78228      -7.87539      			0
133.944       -6.37185      -7.63966      			0
130.074       -7.76022      -7.59166      			0
150.245       -3.90466      -3.77318      			0
149.881       -2.75102      -5.24587      			0
126.43        -9.04971      -7.29773      			0
147.533       -1.43285      -7.2863       			0
151.211       -1.4682       -5.91367      			0
154.742       -1.4758       -4.48536      			0
151.949       -3.89465      -3.09109      			0
159.853       -1.51075      -2.02029      			0
158.191       -1.49833      -2.88947      			0
151.638       -2.74407      -4.55605      			0
161.465       -1.53649      -1.07347      			0
164.506       -1.68108      1.2426        			0
141.531       -9.89151      1.331         			0
139.637       -10.1681      1.2468        			0
163.029       -1.59422      0.00471973    			0
137.746       -10.4147      1.1615        			0
121.986       -9.87817      -7.70494      			0
127.872       -10.3157      -4.01693      			0
130.888       -10.7627      -0.87478      			0
165.873       -1.75704      2.6917        			0
145.236       -9.22544      1.3957        			0
132.932       -11.1414      2.6619        			0
162.686       -4.14761      2.9293        			0
159.387       -6.02431      3.1422        			0
154.118       -7.69939      2.5644        			0
157.781       -6.7119       3.1025        			0
120.382       -9.98986      -8.13932      			0
156.096       -7.23955      2.9028        			0
128.739       11.0245       -0.81056      			0
126.846       7.84145       -9.00019      			0
124.938       8.43099       -9.00003      			0
114.798       5.64458       4.4           			0
118.371       5.43298       4.4           			0
128.699       -0.702529     4.4           			0
132.8         -4.05096      4.4           			0
129.966       5.28013       4.4           			0
140.933       2.52561       4.4           			0
36.1102       -9.38498      -9            			0
32.2754       -8.09566      -9            			0
28.5147       -6.5984       -8.99999      			0
24.8684       -4.84674      -9            			0
40.0288       -10.4242      -9            			0
126.119       -10.0903      -5.42952      			0
129.59        -8.77293      -6.27844      			0
146.066       -2.7225       -6.70755      			0
130.027       -11.1262      0.77341       			0
146.692       -3.8941       -5.20423      			0
147.073       -8.75161      1.2882        			0
149.159       -7.94519      0.89808       			0
151.218       -7.63509      1.2867        			0
138.617       -9.65438      -0.29796      			0
140.453       -9.31715      -0.18059      			0
142.272       -8.9609       -0.0999298    			0
144.021       -8.55425      -0.0930796    			0
145.695       -8.09454      -0.19691      			0
147.379       -7.42368      -0.50958      			0
152.727       -7.31102      1.4868        			0
153.954       -6.2346       0.66874       			0
153.79        -5.01801      -0.91111      			0
149.013       -6.36002      -1.25518      			0
153.625       -3.88234      -2.40763      			0
153.367       -2.73309      -3.85209      			0
155.545       -6.16799      1.3091        			0
148.824       -5.05532      -2.96377      			0
155.374       -4.99071      -0.23479      			0
155.268       -3.87661      -1.69793      			0
155.072       -2.72709      -3.11698      			0
157.124       -5.93938      1.7898        			0
131.284       -8.35907      -6.11484      			0
133.969       -10.8107      0.99291       			0
130.145       -9.6047       -4.56963      			0
148.508       -3.89805      -4.4786       			0
27.4604       1.74533       4.4           			0
23.3575       0.395867      4.4           			0
53.0909       7.9676        4.4           			0
101.936       8.36109       4.4           			0
97.9128       8.35495       4.4           			0
57.2335       7.99591       4.4           			0
48.9292       7.95416       4.4           			0
162.86        -0.00189001   -1.18162      			0
165.831       -0.000269749  1.2283        			0
167.963       -0.000431563  4.4           			0
165.601       -3.11251      4.4           			0
162.336       -5.33778      4.4           			0
158.873       -7.23862      4.4           			0
155.232       -8.77464      4.4           			0
151.449       -9.90738      4.4           			0
149.521       -10.3454      4.4           			0
145.623       -10.9803      4.4           			0
141.685       -11.2617      4.4           			0
164.414       0.000186127   -0.0387201    			0
167.067       -0.000455641  2.6935        			0
167.02        -1.73177      4.4           			0
164.011       -4.29001      4.4           			0
160.633       -6.34049      4.4           			0
157.068       -8.04374      4.4           			0
153.349       -9.36787      4.4           			0
147.585       -10.7456      4.4           			0
143.656       -11.1675      4.4           			0
139.71        -11.2617      4.4           			0
135.759       -11.2672      4.4           			0
133.784       -11.2763      4.4           			0
137.734       -11.2567      4.4           			0
156.031       -0.00116661   -4.88164      			0
161.191       -0.00178715   -2.23777      			0
159.553       -0.0015663    -3.1585       			0
157.782       -0.00135545   -4.06154      			0
130.027       11.1253       0.77341       			0
131.809       11.2798       4.4           			0
135.759       11.267        4.4           			0
133.806       10.8073       0.90122       			0
127.769       9.56376       -5.77717      			0
124.162       9.99916       -6.51939      			0
125.91        10.1615       -5.35616      			0
127.546       10.3877       -3.97515      			0
129.357       9.89158       -4.34496      			0
130.64        10.7785       -0.94071      			0
131.877       10.9774       0.83012       			0
143.664       2.6572        -7.62596      			0
141.348       3.41052       -7.76144      			0
139.408       4.15025       -7.78065      			0
137.546       4.94128       -7.70832      			0
135.665       5.71415       -7.66228      			0
133.775       6.41422       -7.66224      			0
131.91        7.09159       -7.62894      			0
130.061       7.77329       -7.57806      			0
128.168       8.43765       -7.47795      			0
120.435       9.97977       -8.13666      			0
119.109       9.80541       -9.00001      			0
128.729       7.17286       -9.00037      			0
130.596       6.46126       -9.00022      			0
152.166       -8.542        2.8558        			0
150.3         -9.03682      2.8199        			0
148.354       -9.50602      2.8323        			0
146.423       -9.94705      2.8928        			0
144.514       -10.2483      2.8952        			0
142.595       -10.4959      2.8603        			0
140.659       -10.684       2.8145        			0
124.178       -9.72998      -7.06609      			0
138.716       -10.8214      2.7719        			0
136.78        -10.9415      2.7351        			0
134.853       -11.0506      2.7147        			0
127.292       10.9147       -2.25821      			0
128.739       -11.0254      -0.81056      			0
118.97        -10.3105      -8.01929      			0
119.109       -9.80628      -9.00001      			0
123.005       -8.92844      -9.00002      			0
126.846       -7.84232      -9.00019      			0
130.596       -6.46213      -9.00022      			0
134.297       -4.96366      -9.00007      			0
137.972       -3.40081      -9.00008      			0
141.644       -1.77149      -9.00009      			0
145.197       -0.000595553  -9.00012      			0
154.255       -0.000992761  -5.65535      			0
120.721       -10.4357      -7.0116       			0
117.146       -10.1808      -9            			0
121.06        -9.38229      -9.00002      			0
124.938       -8.43186      -9.00003      			0
128.729       -7.17373      -9.00037      			0
132.451       -5.72304      -9.00006      			0
136.137       -4.18884      -9.00007      			0
139.81        -2.59386      -9.00008      			0
143.481       -0.947683     -9.00009      			0
147.041       -0.000401392  -8.38184      			0
150.678       -0.000680074  -7.07766      			0
148.867       -0.000537232  -7.7422       			0
152.474       -0.000830917  -6.38391      			0
127.292       -10.9155      -2.25821      			0
122.448       -10.56        -5.93853      			0
124.144       -10.683       -4.78672      			0
125.76        -10.8016      -3.56717      			0
157.069       8.0434        4.4           			0
165.601       3.11195       4.4           			0
167.021       1.73111       4.4           			0
158.175       1.48743       -2.90683      			0
159.841       1.50147       -2.03551      			0
161.457       1.53377       -1.08031      			0
163.024       1.59544       0.00358963    			0
164.503       1.68146       1.2415        			0
165.872       1.75534       2.6897        			0
164.317       3.04193       2.8061        			0
162.683       4.14654       2.9268        			0
161.023       5.133         3.0503        			0
159.407       6.01701       3.1458        			0
157.811       6.70241       3.1079        			0
156.124       7.22838       2.9035        			0
154.14        7.68367       2.555         			0
152.193       8.52136       2.8402        			0
150.367       9.02151       2.8237        			0
148.463       9.45829       2.7999        			0
146.513       9.88344       2.8197        			0
153.349       9.3676        4.4           			0
147.586       10.7453       4.4           			0
143.656       11.1673       4.4           			0
139.71        11.2615       4.4           			0
159.945       -2.73687      -0.67617      			0
161.307       -3.97929      1.6806        			0
159.887       -3.87478      0.65377       			0
159.718       -4.93596      1.9316        			0
158.372       -2.72703      -1.53756      			0
158.412       -3.85238      -0.19784      			0
158.382       -4.8743       1.0935        			0
158.421       -5.70306      2.1732        			0
156.744       -2.72717      -2.34476      			0
156.869       -3.86686      -0.9624       			0
155.233       8.77433       4.4           			0
99.2132       11.3058       -6.2724       			0
156.922       -4.93559      0.42729    			0
FACES 2354
36	8	4	0
5	4	8	0
36	3	15	0
10	0	9	0
8	2	5	0
7	5	2	0
14	11	6	0
10	6	11	0
14	12	13	0
6	12	14	0
14	16	11	0
11	0	10	0
11	17	0	0
16	17	11	0
17	15	0	0
0	3	9	0
15	3	0	0
36	37	8	0
36	4	3	0
37	38	8	0
38	2	8	0
38	18	2	0
39	7	2	0
18	39	2	0
39	40	7	0
40	1	7	0
40	19	1	0
19	20	1	0
41	20	19	0
20	128	1	0
1	129	7	0
128	129	1	0
7	130	5	0
129	130	7	0
5	131	4	0
130	131	5	0
4	132	3	0
131	132	4	0
3	133	9	0
132	133	3	0
9	134	10	0
133	134	9	0
10	135	6	0
134	135	10	0
6	136	12	0
135	136	6	0
12	293	13	0
136	293	12	0
293	56	13	0
56	34	13	0
13	57	14	0
34	57	13	0
14	57	16	0
57	35	16	0
16	58	17	0
35	58	16	0
17	59	15	0
58	59	17	0
15	60	36	0
59	60	15	0
36	60	37	0
60	61	37	0
37	62	38	0
61	62	37	0
38	63	18	0
62	63	38	0
63	64	18	0
18	65	39	0
64	65	18	0
39	66	40	0
65	66	39	0
40	67	19	0
66	67	40	0
19	68	41	0
67	68	19	0
68	69	41	0
41	71	20	0
69	71	41	0
20	138	128	0
71	138	20	0
69	73	71	0
293	377	56	0
44	22	42	0
21	42	22	0
22	45	21	0
43	21	45	0
45	23	43	0
50	43	23	0
48	55	33	0
25	55	48	0
25	32	55	0
25	47	32	0
47	54	32	0
47	24	54	0
24	31	54	0
24	44	31	0
44	53	31	0
42	30	53	0
44	42	53	0
42	52	30	0
21	29	52	0
42	21	52	0
21	51	29	0
21	43	51	0
43	28	51	0
43	50	28	0
46	50	23	0
46	27	50	0
46	26	27	0
26	49	27	0
24	100	44	0
44	101	22	0
100	101	44	0
22	102	45	0
101	102	22	0
45	103	23	0
102	103	45	0
23	104	46	0
103	104	23	0
46	105	26	0
104	105	46	0
24	99	100	0
47	99	24	0
47	98	99	0
25	98	47	0
25	97	98	0
48	97	25	0
48	207	97	0
33	207	48	0
26	72	49	0
26	106	72	0
105	106	26	0
72	73	49	0
49	68	27	0
69	68	49	0
27	67	50	0
68	67	27	0
50	66	28	0
67	66	50	0
66	65	28	0
28	64	51	0
65	64	28	0
51	63	29	0
64	63	51	0
29	62	52	0
63	62	29	0
52	61	30	0
62	61	52	0
30	60	53	0
61	60	30	0
53	59	31	0
60	59	53	0
31	58	54	0
59	58	31	0
54	35	32	0
58	35	54	0
32	57	55	0
35	57	32	0
55	34	33	0
57	34	55	0
34	56	33	0
33	377	207	0
56	377	33	0
49	73	69	0
602	75	107	0
75	603	74	0
75	602	603	0
107	730	602	0
603	70	74	0
137	70	628	0
628	731	137	0
603	628	70	0
70	71	73	0
138	71	70	0
70	137	138	0
74	70	73	0
75	72	106	0
75	74	73	0
72	75	73	0
106	107	75	0
76	90	82	0
91	90	76	0
82	79	76	0
76	77	91	0
76	78	77	0
79	78	76	0
77	92	91	0
78	80	77	0
77	81	92	0
80	81	77	0
82	84	79	0
82	176	84	0
81	93	92	0
176	85	84	0
78	94	80	0
78	98	94	0
79	98	78	0
79	99	98	0
84	99	79	0
80	1010	81	0
94	1010	80	0
81	1009	93	0
1010	1009	81	0
1009	95	93	0
82	719	176	0
82	720	719	0
90	720	82	0
719	718	176	0
176	86	85	0
718	86	176	0
84	100	99	0
85	100	84	0
85	101	100	0
86	101	85	0
86	102	101	0
86	87	102	0
86	717	87	0
718	717	86	0
717	88	87	0
87	103	102	0
88	103	87	0
717	716	88	0
88	104	103	0
88	89	104	0
716	89	88	0
716	715	89	0
89	105	104	0
89	96	105	0
715	96	89	0
90	721	720	0
90	147	721	0
91	147	90	0
91	146	147	0
92	146	91	0
92	145	146	0
93	145	92	0
93	144	145	0
95	144	93	0
94	1011	1010	0
94	97	1011	0
98	97	94	0
1009	1008	95	0
95	143	144	0
1008	143	95	0
96	106	105	0
96	107	106	0
96	730	107	0
715	730	96	0
1008	1012	143	0
97	207	1011	0
115	108	111	0
113	108	115	0
113	122	108	0
122	123	108	0
123	109	108	0
109	110	111	0
109	111	108	0
123	124	109	0
109	112	110	0
124	112	109	0
115	114	113	0
115	116	114	0
124	83	112	0
116	118	114	0
116	117	118	0
112	125	110	0
110	135	111	0
125	135	110	0
111	134	115	0
135	134	111	0
83	290	112	0
83	126	290	0
112	291	125	0
290	291	112	0
113	607	122	0
113	606	607	0
114	606	113	0
114	732	606	0
118	732	114	0
115	133	116	0
134	133	115	0
116	132	117	0
133	132	116	0
132	131	117	0
117	119	118	0
131	119	117	0
118	629	732	0
119	629	118	0
119	120	629	0
119	130	120	0
131	130	119	0
120	605	629	0
130	129	120	0
120	121	605	0
129	121	120	0
121	604	605	0
129	128	121	0
121	127	604	0
128	127	121	0
607	630	122	0
122	152	123	0
630	152	122	0
123	153	124	0
152	153	123	0
124	154	83	0
153	154	124	0
83	155	126	0
154	155	83	0
291	292	125	0
125	136	135	0
292	136	125	0
126	289	290	0
126	156	289	0
155	156	126	0
128	138	127	0
138	137	127	0
127	731	604	0
137	731	127	0
156	288	289	0
292	293	136	0
230	140	139	0
141	140	230	0
139	229	230	0
139	333	229	0
139	1012	333	0
139	143	1012	0
140	143	139	0
140	144	143	0
141	144	140	0
230	231	141	0
141	145	144	0
141	142	145	0
231	142	141	0
142	146	145	0
231	644	142	0
142	722	146	0
644	722	142	0
722	147	146	0
333	370	229	0
722	721	147	0
706	149	150	0
148	149	706	0
706	705	148	0
705	287	148	0
287	288	148	0
148	156	149	0
288	156	148	0
149	155	150	0
156	155	149	0
150	707	706	0
155	154	150	0
150	151	707	0
154	151	150	0
154	153	151	0
151	708	707	0
151	733	708	0
153	733	151	0
153	152	733	0
705	704	287	0
152	630	733	0
182	161	162	0
160	161	182	0
182	183	160	0
183	159	160	0
183	157	159	0
157	898	159	0
157	914	898	0
157	158	914	0
157	184	158	0
183	184	157	0
158	1113	914	0
158	163	1113	0
184	163	158	0
898	915	159	0
159	897	160	0
915	897	159	0
160	913	161	0
897	913	160	0
161	896	162	0
913	896	161	0
162	181	182	0
162	283	181	0
896	283	162	0
184	598	163	0
598	584	163	0
163	999	1113	0
163	1078	999	0
584	1078	163	0
584	870	1078	0
584	1079	870	0
283	284	181	0
168	196	169	0
167	196	168	0
167	195	196	0
167	166	195	0
166	164	195	0
166	1140	164	0
1140	1141	164	0
1141	165	164	0
164	194	195	0
165	194	164	0
1141	1138	165	0
165	170	194	0
1138	170	165	0
166	1139	1140	0
166	1125	1139	0
167	1125	166	0
167	1115	1125	0
168	1115	167	0
168	1126	1115	0
169	1126	168	0
196	197	169	0
169	341	1126	0
197	341	169	0
170	597	194	0
170	582	597	0
1138	1114	170	0
170	1016	582	0
1114	1016	170	0
1016	928	582	0
928	926	582	0
197	336	341	0
175	173	177	0
179	173	175	0
175	172	179	0
172	180	179	0
172	171	180	0
171	638	180	0
171	624	638	0
171	174	624	0
173	178	177	0
171	285	174	0
172	285	171	0
172	284	285	0
172	181	284	0
175	181	172	0
173	728	178	0
173	729	728	0
179	729	173	0
285	286	174	0
174	1177	624	0
286	1177	174	0
175	182	181	0
177	182	175	0
177	183	182	0
178	183	177	0
728	581	178	0
178	184	183	0
581	184	178	0
179	583	729	0
180	583	179	0
180	741	583	0
638	741	180	0
581	598	184	0
286	757	1177	0
187	189	190	0
192	189	187	0
192	203	189	0
192	193	203	0
193	185	203	0
193	232	185	0
232	233	185	0
233	188	185	0
190	191	187	0
185	334	203	0
188	334	185	0
334	336	203	0
203	197	189	0
336	197	203	0
191	585	187	0
187	586	192	0
585	586	187	0
188	352	334	0
188	234	352	0
233	234	188	0
189	196	190	0
197	196	189	0
190	195	191	0
196	195	190	0
191	596	585	0
191	194	596	0
195	194	191	0
192	727	193	0
586	727	192	0
193	726	232	0
727	726	193	0
194	597	596	0
234	335	352	0
223	222	224	0
221	222	223	0
221	212	222	0
221	220	212	0
220	211	212	0
220	219	211	0
219	210	211	0
219	205	210	0
219	218	205	0
218	204	205	0
218	217	204	0
217	186	204	0
217	216	186	0
216	202	186	0
216	215	202	0
215	201	202	0
215	214	201	0
214	200	201	0
214	213	200	0
213	199	200	0
213	206	199	0
206	198	199	0
206	226	198	0
226	227	198	0
227	228	198	0
228	587	198	0
198	588	199	0
587	588	198	0
199	725	200	0
588	725	199	0
200	589	201	0
725	589	200	0
201	724	202	0
589	724	201	0
202	594	186	0
724	594	202	0
186	590	204	0
594	590	186	0
204	591	205	0
590	591	204	0
205	723	210	0
591	723	205	0
210	593	211	0
723	593	210	0
211	592	212	0
593	592	211	0
212	745	222	0
592	745	212	0
206	332	226	0
206	347	332	0
213	347	206	0
213	351	347	0
214	351	213	0
214	364	351	0
215	364	214	0
215	331	364	0
216	331	215	0
216	365	331	0
217	365	216	0
217	359	365	0
218	359	217	0
218	330	359	0
219	330	218	0
219	358	330	0
220	358	219	0
220	343	358	0
221	343	220	0
221	329	343	0
223	329	221	0
745	649	222	0
222	225	224	0
649	225	222	0
223	370	329	0
223	229	370	0
224	229	223	0
224	230	229	0
225	230	224	0
649	645	225	0
225	231	230	0
645	231	225	0
332	335	226	0
226	234	227	0
335	234	226	0
227	233	228	0
234	233	227	0
228	595	587	0
228	232	595	0
233	232	228	0
232	726	595	0
645	644	231	0
248	259	260	0
248	260	247	0
248	249	259	0
249	258	259	0
249	250	258	0
250	257	258	0
250	251	257	0
260	261	247	0
261	246	247	0
261	262	246	0
262	245	246	0
262	263	245	0
263	244	245	0
263	264	244	0
264	243	244	0
264	265	243	0
265	242	243	0
265	266	242	0
266	241	242	0
251	252	257	0
252	256	257	0
266	267	241	0
267	240	241	0
267	268	240	0
268	239	240	0
268	269	239	0
269	238	239	0
269	270	238	0
270	237	238	0
270	271	237	0
271	236	237	0
271	272	236	0
272	235	236	0
272	273	235	0
273	274	235	0
252	253	256	0
253	255	256	0
274	702	235	0
235	701	236	0
702	701	235	0
236	642	237	0
701	642	236	0
237	643	238	0
642	643	237	0
238	744	239	0
643	744	238	0
239	678	240	0
744	678	239	0
240	746	241	0
678	746	240	0
241	682	242	0
746	682	241	0
242	676	243	0
682	676	242	0
243	677	244	0
676	677	243	0
244	757	245	0
677	757	244	0
245	286	246	0
757	286	245	0
246	285	247	0
286	285	246	0
247	284	248	0
285	284	247	0
248	283	249	0
284	283	248	0
249	896	250	0
283	896	249	0
250	1099	251	0
896	1099	250	0
1099	829	251	0
251	832	252	0
829	832	251	0
252	1001	253	0
832	1001	252	0
1001	1000	253	0
253	1100	255	0
1000	1100	253	0
1100	1101	255	0
1101	254	255	0
1101	848	254	0
848	846	254	0
846	281	254	0
281	348	254	0
254	338	255	0
348	338	254	0
255	349	256	0
338	349	255	0
256	340	257	0
349	340	256	0
257	356	258	0
340	356	257	0
258	342	259	0
356	342	258	0
259	357	260	0
342	357	259	0
260	371	261	0
357	371	260	0
261	344	262	0
371	344	261	0
262	345	263	0
344	345	262	0
263	372	264	0
345	372	263	0
264	350	265	0
372	350	264	0
265	346	266	0
350	346	265	0
266	354	267	0
346	354	266	0
267	379	268	0
354	379	267	0
268	378	269	0
379	378	268	0
269	363	270	0
378	363	269	0
270	362	271	0
363	362	270	0
271	361	272	0
362	361	271	0
272	360	273	0
361	360	272	0
273	381	274	0
360	381	273	0
381	353	274	0
353	275	274	0
353	276	275	0
353	366	276	0
366	277	276	0
366	375	277	0
375	278	277	0
375	380	278	0
380	279	278	0
380	373	279	0
373	280	279	0
274	703	702	0
275	703	274	0
275	704	703	0
276	704	275	0
276	287	704	0
277	287	276	0
277	288	287	0
278	288	277	0
278	289	288	0
279	289	278	0
279	290	289	0
280	290	279	0
280	291	290	0
280	282	291	0
280	376	282	0
373	376	280	0
846	849	281	0
281	337	348	0
281	851	337	0
849	851	281	0
851	845	337	0
337	845	339	0
845	852	339	0
282	292	291	0
282	374	292	0
376	374	282	0
374	293	292	0
374	377	293	0
852	844	339	0
844	1123	339	0
315	314	294	0
311	294	314	0
310	298	311	0
299	298	310	0
310	309	299	0
309	300	299	0
309	308	300	0
308	307	300	0
307	301	300	0
307	306	301	0
306	302	301	0
306	297	302	0
297	303	302	0
297	304	303	0
297	295	304	0
295	305	304	0
295	296	305	0
297	352	295	0
316	348	368	0
338	348	316	0
316	315	338	0
315	294	338	0
294	349	338	0
295	335	296	0
352	335	295	0
335	332	296	0
332	312	296	0
296	313	305	0
312	313	296	0
297	334	352	0
306	334	297	0
298	294	311	0
298	349	294	0
298	340	349	0
299	340	298	0
299	356	340	0
300	356	299	0
300	342	356	0
301	342	300	0
301	357	342	0
302	357	301	0
302	371	357	0
303	371	302	0
303	344	371	0
304	344	303	0
304	345	344	0
305	345	304	0
305	372	345	0
313	372	305	0
306	336	334	0
307	336	306	0
307	341	336	0
308	341	307	0
308	1126	341	0
309	1126	308	0
309	1116	1126	0
310	1116	309	0
310	1127	1116	0
310	1117	1127	0
311	1117	310	0
311	1128	1117	0
314	1128	311	0
332	347	312	0
312	317	313	0
347	317	312	0
313	350	372	0
317	350	313	0
317	346	350	0
317	318	346	0
318	354	346	0
318	319	354	0
319	379	354	0
319	320	379	0
320	378	379	0
320	321	378	0
321	363	378	0
321	322	363	0
322	362	363	0
322	323	362	0
323	361	362	0
323	360	361	0
323	324	360	0
324	381	360	0
324	325	381	0
325	353	381	0
325	326	353	0
326	327	353	0
327	366	353	0
327	801	366	0
801	375	366	0
801	367	375	0
367	380	375	0
367	328	380	0
328	373	380	0
328	355	373	0
314	1118	1128	0
314	1129	1118	0
315	1129	314	0
315	1119	1129	0
315	1130	1119	0
316	1130	315	0
316	1120	1130	0
368	1120	316	0
317	351	318	0
347	351	317	0
318	364	319	0
351	364	318	0
319	331	320	0
364	331	319	0
320	365	321	0
331	365	320	0
321	359	322	0
365	359	321	0
322	330	323	0
359	330	322	0
323	358	324	0
330	358	323	0
324	343	325	0
358	343	324	0
325	329	326	0
343	329	325	0
326	370	327	0
329	370	326	0
327	333	801	0
370	333	327	0
801	1012	367	0
333	1012	801	0
367	1008	328	0
1012	1008	367	0
328	1009	355	0
1008	1009	328	0
1009	1010	355	0
1010	369	355	0
355	376	373	0
369	376	355	0
368	1131	1120	0
348	337	368	0
368	1121	1131	0
337	1121	368	0
337	1132	1121	0
1132	339	1122	0
337	339	1132	0
1010	1011	369	0
369	374	376	0
1011	374	369	0
1011	207	374	0
207	377	374	0
339	1133	1122	0
339	1123	1133	0
384	1004	434	0
436	434	1004	0
459	436	435	0
440	435	436	0
1004	440	436	0
800	435	440	0
804	802	437	0
800	437	802	0
455	392	438	0
495	438	392	0
866	402	439	0
498	439	402	0
805	802	803	0
435	802	805	0
435	800	802	0
440	1005	800	0
440	461	1005	0
1004	797	461	0
440	1004	461	0
436	1006	434	0
459	1006	436	0
800	460	437	0
1005	460	800	0
460	446	437	0
446	382	437	0
802	804	803	0
382	804	437	0
803	806	805	0
803	1007	806	0
804	1007	803	0
382	799	804	0
804	441	1007	0
799	441	804	0
805	459	435	0
805	807	459	0
806	807	805	0
806	406	807	0
395	406	806	0
1007	395	806	0
1007	442	395	0
441	442	1007	0
446	445	382	0
382	798	799	0
445	798	382	0
798	456	799	0
799	444	441	0
456	444	799	0
441	443	442	0
444	443	441	0
442	389	395	0
442	405	389	0
443	405	442	0
443	404	405	0
443	209	404	0
444	455	209	0
444	209	443	0
444	457	455	0
456	457	444	0
209	391	404	0
209	438	391	0
455	438	209	0
455	393	392	0
457	393	455	0
456	458	457	0
401	458	456	0
457	481	393	0
458	481	457	0
798	401	456	0
458	576	481	0
458	522	576	0
401	522	458	0
406	945	807	0
807	867	459	0
945	867	807	0
459	536	1006	0
867	536	459	0
536	540	1006	0
1006	409	434	0
540	409	1006	0
798	388	401	0
445	388	798	0
445	383	388	0
446	383	445	0
446	387	383	0
460	387	446	0
460	208	387	0
1005	208	460	0
1005	386	208	0
461	386	1005	0
461	411	386	0
797	411	461	0
1004	384	797	0
409	385	434	0
401	815	522	0
401	523	815	0
388	523	401	0
388	817	523	0
383	817	388	0
383	552	817	0
387	552	383	0
387	521	552	0
208	521	387	0
208	816	521	0
386	816	208	0
386	478	816	0
411	478	386	0
411	504	478	0
411	410	504	0
797	410	411	0
797	384	410	0
385	384	434	0
410	947	504	0
410	408	947	0
384	408	410	0
384	400	408	0
385	400	384	0
385	423	400	0
385	843	423	0
409	843	385	0
409	814	843	0
540	814	409	0
395	397	406	0
395	396	397	0
389	396	395	0
389	421	396	0
405	421	389	0
405	420	421	0
404	420	405	0
391	390	404	0
404	419	420	0
390	419	404	0
481	494	393	0
393	482	392	0
494	482	393	0
483	495	392	0
438	412	391	0
495	412	438	0
391	394	390	0
412	394	391	0
390	418	419	0
390	417	418	0
394	417	390	0
394	416	417	0
394	422	416	0
412	422	394	0
412	484	422	0
495	484	412	0
406	944	945	0
397	944	406	0
397	558	944	0
397	566	558	0
396	566	397	0
396	820	566	0
421	820	396	0
421	821	820	0
420	821	421	0
420	822	821	0
419	822	420	0
419	823	822	0
418	823	419	0
418	824	823	0
417	824	418	0
417	825	824	0
416	825	417	0
416	866	825	0
416	402	866	0
422	402	416	0
484	497	422	0
497	498	402	0
497	402	422	0
439	869	866	0
498	499	439	0
439	943	869	0
499	943	439	0
408	525	947	0
408	399	525	0
400	399	408	0
400	398	399	0
423	398	400	0
423	424	398	0
424	407	398	0
407	428	398	0
398	415	399	0
428	415	398	0
399	577	525	0
415	577	399	0
424	414	407	0
407	427	428	0
414	427	407	0
428	429	415	0
430	429	428	0
427	430	428	0
414	425	427	0
427	403	430	0
425	403	427	0
415	505	577	0
429	505	415	0
429	567	505	0
430	567	429	0
430	413	567	0
403	413	430	0
413	506	567	0
413	929	506	0
413	432	929	0
403	432	413	0
403	426	432	0
425	426	403	0
423	1003	424	0
843	1003	423	0
424	1002	414	0
1003	1002	424	0
414	854	425	0
1002	854	414	0
425	469	426	0
854	469	425	0
426	931	432	0
469	470	426	0
470	931	426	0
432	930	929	0
931	930	432	0
929	507	506	0
930	507	929	0
930	575	507	0
931	932	930	0
470	468	931	0
931	788	932	0
468	788	931	0
932	575	930	0
932	790	575	0
932	789	790	0
788	789	932	0
468	855	788	0
788	791	789	0
855	791	788	0
791	792	789	0
789	793	790	0
792	793	789	0
793	794	790	0
790	508	575	0
794	508	790	0
855	467	791	0
791	431	792	0
467	431	791	0
792	933	793	0
431	933	792	0
793	795	794	0
933	795	793	0
794	574	508	0
433	574	794	0
795	433	794	0
477	433	795	0
933	477	795	0
933	476	477	0
431	476	933	0
431	462	476	0
467	462	431	0
433	573	574	0
433	475	573	0
477	475	433	0
477	474	475	0
476	474	477	0
476	466	474	0
462	466	476	0
475	572	573	0
475	473	572	0
474	473	475	0
474	787	473	0
474	856	787	0
466	856	474	0
787	934	473	0
787	796	934	0
787	465	796	0
856	465	787	0
473	571	572	0
934	571	473	0
934	511	571	0
934	935	511	0
796	935	934	0
796	472	935	0
796	463	472	0
465	463	796	0
472	471	935	0
472	936	471	0
472	464	936	0
463	464	472	0
935	512	511	0
471	512	935	0
471	513	512	0
471	451	513	0
936	451	471	0
936	452	451	0
936	857	452	0
464	857	936	0
452	447	451	0
452	841	447	0
452	786	841	0
857	786	452	0
451	514	513	0
447	514	451	0
447	570	514	0
447	453	570	0
841	453	447	0
841	454	453	0
841	853	454	0
786	853	841	0
454	842	453	0
453	516	570	0
842	516	453	0
842	518	516	0
842	448	518	0
842	840	448	0
454	840	842	0
454	937	840	0
853	937	454	0
937	938	840	0
938	450	840	0
450	448	840	0
938	517	450	0
450	449	448	0
517	839	450	0
448	568	518	0
448	449	568	0
839	449	450	0
449	519	568	0
449	510	519	0
839	510	449	0
839	808	510	0
839	551	808	0
517	551	839	0
808	509	510	0
808	524	509	0
808	489	524	0
551	489	808	0
843	541	1003	0
814	541	843	0
1003	813	1002	0
541	813	1003	0
1002	530	854	0
813	530	1002	0
854	535	469	0
530	535	854	0
469	534	470	0
535	534	469	0
470	1046	468	0
534	1046	470	0
468	1047	855	0
1046	1047	468	0
855	539	467	0
1047	539	855	0
467	874	462	0
539	874	467	0
462	875	466	0
874	875	462	0
466	812	856	0
875	812	466	0
856	811	465	0
812	811	856	0
465	810	463	0
811	810	465	0
463	809	464	0
810	809	463	0
464	876	857	0
809	876	464	0
857	873	786	0
876	873	857	0
786	1048	853	0
873	1048	786	0
853	1045	937	0
1048	1045	853	0
937	1049	938	0
1045	1049	937	0
938	557	517	0
1049	557	938	0
517	554	551	0
557	554	517	0
510	569	519	0
509	569	510	0
509	515	569	0
509	520	515	0
524	520	509	0
515	531	569	0
515	479	531	0
520	479	515	0
520	487	479	0
520	1043	487	0
524	1043	520	0
524	490	1043	0
489	490	524	0
479	533	531	0
479	488	533	0
487	488	479	0
487	1044	488	0
1043	1044	487	0
1043	480	1044	0
490	480	1043	0
488	538	533	0
488	550	538	0
1044	550	488	0
480	486	1044	0
1044	542	550	0
486	542	1044	0
486	491	542	0
491	492	542	0
542	493	550	0
492	493	542	0
550	532	538	0
493	532	550	0
551	553	489	0
554	553	551	0
489	555	490	0
553	555	489	0
490	562	480	0
555	562	490	0
480	563	486	0
562	563	480	0
486	556	491	0
563	556	486	0
556	565	491	0
491	485	492	0
565	485	491	0
565	561	485	0
485	500	492	0
561	545	485	0
485	501	500	0
545	501	485	0
492	546	493	0
500	546	492	0
493	529	532	0
546	529	493	0
576	818	481	0
818	819	494	0
818	494	481	0
494	537	482	0
819	537	494	0
482	483	392	0
482	528	483	0
537	528	482	0
495	496	484	0
483	496	495	0
483	526	496	0
528	526	483	0
484	549	497	0
496	549	484	0
496	527	549	0
526	527	496	0
497	548	498	0
549	548	497	0
549	559	548	0
527	559	549	0
498	547	499	0
548	547	498	0
548	564	547	0
559	564	548	0
499	946	943	0
499	942	946	0
547	942	499	0
547	868	942	0
564	868	547	0
500	544	546	0
501	544	500	0
546	560	529	0
544	560	546	0
501	543	544	0
545	502	503	0
545	503	501	0
545	599	502	0
561	599	545	0
502	601	503	0
502	600	601	0
599	600	502	0
503	543	501	0
544	578	560	0
543	578	544	0
503	627	543	0
601	627	503	0
543	579	578	0
627	579	543	0
868	580	942	0
504	582	478	0
947	582	504	0
947	597	582	0
525	597	947	0
525	596	597	0
577	596	525	0
577	585	596	0
505	585	577	0
505	586	585	0
567	586	505	0
567	727	586	0
506	727	567	0
506	726	727	0
507	726	506	0
507	595	726	0
575	595	507	0
575	587	595	0
508	587	575	0
508	588	587	0
574	588	508	0
574	725	588	0
573	725	574	0
573	589	725	0
572	589	573	0
572	724	589	0
571	724	572	0
571	594	724	0
511	594	571	0
511	590	594	0
512	590	511	0
512	591	590	0
513	591	512	0
513	723	591	0
514	723	513	0
514	593	723	0
570	593	514	0
570	592	593	0
516	592	570	0
516	745	592	0
518	745	516	0
518	649	745	0
568	649	518	0
568	645	649	0
519	645	568	0
519	644	645	0
569	644	519	0
569	722	644	0
531	722	569	0
478	926	816	0
582	926	478	0
816	1072	521	0
926	1072	816	0
521	1071	552	0
1072	1071	521	0
552	1073	817	0
1071	1073	552	0
817	1070	523	0
1073	1070	817	0
523	1060	815	0
1070	1060	523	0
815	1069	522	0
1060	1069	815	0
522	1059	576	0
1069	1059	522	0
576	1068	818	0
1059	1068	576	0
818	1058	819	0
1068	1058	818	0
819	1057	537	0
1058	1057	819	0
537	1067	528	0
1057	1067	537	0
528	1056	526	0
1067	1056	528	0
526	1066	527	0
1056	1066	526	0
527	1055	559	0
1066	1055	527	0
531	721	722	0
533	721	531	0
533	720	721	0
538	720	533	0
538	719	720	0
532	719	538	0
532	718	719	0
529	718	532	0
529	717	718	0
560	717	529	0
867	872	536	0
536	1079	540	0
872	1079	536	0
540	584	814	0
1079	584	540	0
814	598	541	0
584	598	814	0
541	581	813	0
598	581	541	0
813	728	530	0
581	728	813	0
530	729	535	0
728	729	530	0
535	583	534	0
729	583	535	0
534	741	1046	0
583	741	534	0
1046	623	1047	0
741	623	1046	0
1047	625	539	0
623	625	1047	0
539	742	874	0
625	742	539	0
874	626	875	0
742	626	874	0
875	639	812	0
626	639	875	0
812	622	811	0
639	622	812	0
811	640	810	0
622	640	811	0
810	743	809	0
640	743	810	0
809	641	876	0
743	641	809	0
876	714	873	0
641	714	876	0
873	713	1048	0
714	713	873	0
1048	712	1045	0
713	712	1048	0
1045	711	1049	0
712	711	1045	0
1049	710	557	0
711	710	1049	0
557	709	554	0
710	709	557	0
554	708	553	0
709	708	554	0
553	733	555	0
708	733	553	0
555	630	562	0
733	630	555	0
562	607	563	0
630	607	562	0
563	606	556	0
607	606	563	0
556	732	565	0
606	732	556	0
565	629	561	0
732	629	565	0
561	605	599	0
629	605	561	0
560	716	717	0
578	716	560	0
1055	1065	559	0
559	1054	564	0
1065	1054	559	0
564	1064	868	0
1054	1064	564	0
868	1053	580	0
1064	1053	868	0
867	1080	872	0
867	871	1080	0
945	871	867	0
945	1165	871	0
944	1165	945	0
944	941	1165	0
558	941	944	0
558	1164	941	0
566	1164	558	0
566	862	1164	0
820	862	566	0
820	1163	862	0
821	1163	820	0
821	864	1163	0
822	864	821	0
822	863	864	0
823	863	822	0
823	1162	863	0
824	1162	823	0
824	1176	1162	0
825	1176	824	0
825	1142	1176	0
866	1142	825	0
866	940	1142	0
869	940	866	0
869	939	940	0
943	939	869	0
943	850	939	0
946	850	943	0
946	847	850	0
942	847	946	0
942	1143	847	0
580	1143	942	0
578	715	716	0
579	715	578	0
599	604	600	0
605	604	599	0
1053	1063	580	0
580	1144	1143	0
580	1052	1144	0
1063	1052	580	0
627	602	579	0
627	603	602	0
601	603	627	0
601	628	603	0
600	628	601	0
600	731	628	0
604	731	600	0
579	730	715	0
602	730	579	0
633	739	619	0
636	739	633	0
633	618	636	0
633	613	618	0
613	738	618	0
613	612	738	0
612	635	738	0
612	735	635	0
735	617	635	0
632	616	617	0
735	632	617	0
632	611	616	0
611	737	616	0
611	610	737	0
610	634	737	0
610	734	634	0
734	615	634	0
734	631	615	0
631	614	615	0
631	609	614	0
609	736	614	0
609	608	736	0
608	621	736	0
608	637	621	0
608	740	637	0
608	625	740	0
608	742	625	0
609	742	608	0
609	626	742	0
631	626	609	0
631	639	626	0
734	639	631	0
734	622	639	0
610	622	734	0
610	640	622	0
611	640	610	0
611	743	640	0
632	743	611	0
632	641	743	0
735	641	632	0
735	714	641	0
612	714	735	0
612	713	714	0
613	713	612	0
613	712	713	0
633	712	613	0
633	711	712	0
619	711	633	0
621	677	736	0
736	676	614	0
677	676	736	0
614	682	615	0
676	682	614	0
615	746	634	0
682	746	615	0
634	678	737	0
746	678	634	0
737	744	616	0
678	744	737	0
616	643	617	0
744	643	616	0
617	642	635	0
643	642	617	0
635	701	738	0
642	701	635	0
738	702	618	0
701	702	738	0
618	703	636	0
702	703	618	0
619	710	711	0
619	620	710	0
739	620	619	0
703	704	636	0
636	705	739	0
704	705	636	0
739	706	620	0
705	706	739	0
620	709	710	0
620	707	709	0
706	707	620	0
621	757	677	0
621	1177	757	0
637	1177	621	0
637	624	1177	0
740	624	637	0
625	623	740	0
740	638	624	0
623	638	740	0
623	741	638	0
707	708	709	0
764	669	646	0
648	646	669	0
664	1086	647	0
1085	647	1086	0
646	760	655	0
759	760	646	0
648	759	646	0
648	654	759	0
648	653	654	0
648	650	653	0
669	650	648	0
669	763	650	0
650	651	653	0
650	758	651	0
763	758	650	0
758	652	651	0
763	670	758	0
758	664	652	0
670	664	758	0
664	1087	652	0
1087	1088	652	0
652	1081	651	0
1088	1081	652	0
651	688	653	0
1081	688	651	0
653	769	654	0
688	769	653	0
769	672	654	0
654	661	759	0
672	661	654	0
759	665	760	0
661	665	759	0
665	660	760	0
760	656	655	0
660	656	760	0
656	663	655	0
655	764	646	0
663	764	655	0
669	657	763	0
764	657	669	0
763	658	670	0
657	658	763	0
660	668	656	0
656	674	663	0
668	674	656	0
674	1091	663	0
663	1092	764	0
1091	1092	663	0
764	1093	657	0
1092	1093	764	0
657	1094	658	0
1093	1094	657	0
670	671	664	0
670	659	671	0
658	659	670	0
658	1095	659	0
1094	1095	658	0
664	647	1087	0
671	1086	664	0
671	750	1086	0
659	750	671	0
659	1096	750	0
1095	1096	659	0
660	666	668	0
660	673	666	0
665	673	660	0
665	662	673	0
661	662	665	0
661	667	662	0
672	667	661	0
769	831	672	0
672	828	667	0
831	828	672	0
666	770	668	0
666	675	770	0
666	782	675	0
673	782	666	0
673	774	782	0
662	774	673	0
662	751	774	0
667	751	662	0
667	877	751	0
828	877	667	0
668	771	674	0
770	771	668	0
674	1090	1091	0
771	1090	674	0
769	833	831	0
688	833	769	0
675	776	770	0
770	775	771	0
776	775	770	0
771	1089	1090	0
775	1089	771	0
775	773	1089	0
775	768	773	0
776	768	775	0
776	767	768	0
675	767	776	0
675	766	767	0
782	766	675	0
782	781	766	0
774	781	782	0
781	784	766	0
766	783	767	0
784	783	766	0
767	683	768	0
783	683	767	0
768	747	773	0
683	747	768	0
773	836	1089	0
773	837	836	0
747	837	773	0
774	687	781	0
751	687	774	0
781	689	784	0
687	689	781	0
689	754	784	0
754	681	784	0
784	679	783	0
681	679	784	0
783	680	683	0
679	680	783	0
683	748	747	0
680	748	683	0
754	752	681	0
752	684	681	0
681	685	679	0
684	685	681	0
679	686	680	0
685	686	679	0
680	749	748	0
686	749	680	0
747	838	837	0
748	838	747	0
748	858	838	0
749	858	748	0
752	690	684	0
690	691	684	0
684	692	685	0
691	692	684	0
685	755	686	0
692	755	685	0
686	753	749	0
755	753	686	0
749	859	858	0
753	859	749	0
1082	1085	1086	0
750	1082	1086	0
750	1097	1082	0
1096	1097	750	0
751	865	687	0
877	865	751	0
687	1161	689	0
865	1161	687	0
688	827	833	0
1081	827	688	0
689	1160	754	0
1161	1160	689	0
754	1159	752	0
1160	1159	754	0
752	1158	690	0
1159	1158	752	0
690	1157	691	0
1158	1157	690	0
1157	693	691	0
691	694	692	0
693	694	691	0
692	695	755	0
694	695	692	0
755	756	753	0
695	756	755	0
753	860	859	0
756	860	753	0
1157	1156	693	0
1156	761	693	0
693	696	694	0
761	696	693	0
694	697	695	0
696	697	694	0
695	699	756	0
697	699	695	0
756	861	860	0
699	861	756	0
1156	1155	761	0
1155	765	761	0
761	762	696	0
765	762	761	0
696	698	697	0
762	698	696	0
697	700	699	0
698	700	697	0
699	1145	861	0
700	1145	699	0
1155	1154	765	0
765	778	762	0
1154	778	765	0
762	779	698	0
778	779	762	0
698	780	700	0
779	780	698	0
700	1146	1145	0
780	1146	700	0
1154	1153	778	0
778	772	779	0
1153	772	778	0
779	777	780	0
772	777	779	0
772	785	777	0
772	1152	785	0
1153	1152	772	0
780	1147	1146	0
777	1147	780	0
777	1148	1147	0
785	1148	777	0
785	1149	1148	0
785	1151	1149	0
1152	1151	785	0
1081	826	827	0
1088	826	1081	0
1082	1084	1085	0
1082	835	1084	0
1097	835	1082	0
835	1083	1084	0
835	830	1083	0
1151	1150	1149	0
830	834	1083	0
834	915	1083	0
897	834	1098	0
897	915	834	0
1083	898	1084	0
915	898	1083	0
1084	914	1085	0
898	914	1084	0
1085	1113	647	0
914	1113	1085	0
647	999	1087	0
1113	999	647	0
1087	1078	1088	0
999	1078	1087	0
1088	870	826	0
1078	870	1088	0
836	844	1089	0
1089	852	1090	0
844	852	1089	0
1090	845	1091	0
852	845	1090	0
1091	851	1092	0
845	851	1091	0
1092	849	1093	0
851	849	1092	0
1093	846	1094	0
849	846	1093	0
1094	848	1095	0
846	848	1094	0
1095	1101	1096	0
848	1101	1095	0
1096	1100	1097	0
1101	1100	1096	0
1097	1000	835	0
1100	1000	1097	0
835	1001	830	0
1000	1001	835	0
836	1123	844	0
836	1134	1123	0
837	1134	836	0
837	1136	1134	0
838	1136	837	0
838	1135	1136	0
858	1135	838	0
858	1137	1135	0
859	1137	858	0
859	1124	1137	0
860	1124	859	0
860	1074	1124	0
861	1074	860	0
861	1077	1074	0
1145	1077	861	0
1145	1076	1077	0
1146	1076	1145	0
1146	1075	1076	0
1147	1075	1146	0
1147	1050	1075	0
1148	1050	1147	0
1148	1061	1050	0
1149	1061	1148	0
1149	1051	1061	0
1150	1051	1149	0
1150	1062	1051	0
1150	1144	1062	0
1150	1143	1144	0
1151	1143	1150	0
1151	847	1143	0
1152	847	1151	0
1152	850	847	0
1153	850	1152	0
1153	939	850	0
1154	939	1153	0
1154	940	939	0
1155	940	1154	0
1155	1142	940	0
1156	1142	1155	0
1156	1176	1142	0
1157	1176	1156	0
1157	1162	1176	0
1158	1162	1157	0
1158	863	1162	0
1159	863	1158	0
1159	864	863	0
1160	864	1159	0
1160	1163	864	0
1161	1163	1160	0
1161	862	1163	0
865	862	1161	0
865	1164	862	0
877	1164	865	0
877	941	1164	0
828	941	877	0
828	1165	941	0
831	1165	828	0
830	832	834	0
1001	832	830	0
831	871	1165	0
833	871	831	0
833	1080	871	0
827	1080	833	0
827	872	1080	0
826	872	827	0
834	829	1098	0
832	829	834	0
826	1079	872	0
870	1079	826	0
1098	913	897	0
1098	1099	913	0
829	1099	1098	0
1144	1052	1062	0
1099	896	913	0
920	878	912	0
1025	912	878	0
1041	988	895	0
1013	895	988	0
910	957	890	0
969	957	910	0
910	906	969	0
910	909	906	0
910	894	909	0
910	905	894	0
890	905	910	0
894	893	909	0
905	889	894	0
894	904	893	0
889	904	894	0
909	891	906	0
909	892	891	0
893	892	909	0
893	908	892	0
893	888	908	0
904	888	893	0
888	903	908	0
908	887	892	0
903	887	908	0
887	902	892	0
892	907	891	0
902	907	892	0
902	989	907	0
989	948	907	0
907	1041	891	0
948	1041	907	0
891	1039	906	0
1041	1039	891	0
906	958	969	0
1039	958	906	0
957	968	890	0
890	886	905	0
968	886	890	0
905	901	889	0
886	901	905	0
901	885	889	0
889	883	904	0
885	883	889	0
904	916	888	0
883	916	904	0
888	1021	903	0
916	1021	888	0
1021	986	903	0
903	917	887	0
986	917	903	0
887	1040	902	0
917	1040	887	0
902	952	989	0
1040	952	902	0
968	956	886	0
886	899	901	0
956	899	886	0
901	884	885	0
899	884	901	0
884	900	885	0
885	919	883	0
900	919	885	0
900	882	919	0
900	920	882	0
900	881	920	0
884	881	900	0
884	911	881	0
899	911	884	0
899	967	911	0
956	967	899	0
883	921	916	0
919	921	883	0
919	922	921	0
882	922	919	0
882	912	922	0
920	912	882	0
920	923	878	0
920	879	923	0
881	879	920	0
881	880	879	0
911	880	881	0
911	955	880	0
967	955	911	0
916	1022	1021	0
921	1022	916	0
921	1023	1022	0
922	1023	921	0
955	1015	880	0
880	1017	879	0
1015	1017	880	0
922	1024	1023	0
912	1024	922	0
879	925	923	0
1017	925	879	0
923	924	878	0
925	924	923	0
912	1025	1024	0
1026	1025	878	0
924	1026	878	0
924	1030	1026	0
924	1034	1030	0
925	1034	924	0
925	1042	1034	0
1017	1042	925	0
1017	954	1042	0
1015	954	1017	0
955	962	1015	0
1015	974	954	0
962	974	1015	0
1021	984	986	0
1022	984	1021	0
1022	983	984	0
1023	983	1022	0
1023	951	983	0
1024	951	1023	0
1024	991	951	0
1025	991	1024	0
1115	1126	1116	0
1062	1052	1063	0
1115	1116	997	0
997	1116	1127	0
1125	1115	997	0
1072	926	992	0
992	926	928	0
997	1127	987	0
987	1127	1117	0
1071	1072	1112	0
1112	1072	992	0
1073	1071	1111	0
1111	1071	1112	0
1070	1073	1110	0
1110	1073	1111	0
987	1117	1109	0
1109	1117	1128	0
1060	1070	1108	0
1108	1070	1110	0
1069	1060	1107	0
1107	1060	1108	0
1059	1069	1106	0
1106	1069	1107	0
1068	1059	1105	0
1105	1059	1106	0
1058	1068	1104	0
1104	1068	1105	0
1057	1058	1103	0
1103	1058	1104	0
1067	1057	1102	0
1102	1057	1103	0
1056	1067	995	0
995	1067	1102	0
1066	1056	998	0
998	1056	995	0
1055	1066	996	0
996	1066	998	0
1065	1055	994	0
994	1055	996	0
1054	1065	949	0
949	1065	994	0
1064	1054	993	0
993	1054	949	0
1053	1064	950	0
950	1064	993	0
1063	1053	990	0
990	1053	950	0
1062	1063	990	0
1051	1062	990	0
1061	1051	982	0
982	1051	990	0
1050	1061	985	0
985	1061	982	0
1075	1050	981	0
981	1050	985	0
1076	1075	978	0
978	1075	981	0
1077	1076	979	0
979	1076	978	0
1074	1077	966	0
966	1077	979	0
1124	1074	976	0
976	1074	966	0
1137	1124	964	0
964	1124	976	0
1135	1137	975	0
975	1137	964	0
1136	1135	963	0
963	1135	975	0
1134	1136	974	0
974	1136	963	0
1123	1134	962	0
962	1134	974	0
1133	1123	962	0
1109	1128	973	0
973	1128	1118	0
973	1118	960	0
960	1118	1129	0
960	1129	970	0
970	1129	1119	0
970	1119	958	0
958	1119	1130	0
958	1130	969	0
969	1130	1120	0
969	1120	957	0
957	1120	1131	0
957	1131	968	0
968	1131	1121	0
1025	1018	991	0
968	1121	956	0
956	1121	1132	0
956	1132	967	0
1042	971	1034	0
1026	1018	1025	0
1042	972	971	0
954	972	1042	0
954	963	972	0
974	963	954	0
953	1020	1019	0
953	961	1020	0
953	965	961	0
959	965	953	0
959	977	965	0
971	977	959	0
971	980	977	0
972	980	971	0
1026	1019	1018	0
972	975	980	0
963	975	972	0
961	1027	1020	0
961	1028	1027	0
961	1029	1028	0
965	1029	961	0
965	1031	1029	0
977	1031	965	0
977	1032	1031	0
980	1032	977	0
980	964	1032	0
975	964	980	0
984	1110	986	0
984	1108	1110	0
983	1108	984	0
986	1111	917	0
1030	1019	1026	0
1110	1111	986	0
1030	953	1019	0
983	1107	1108	0
951	1107	983	0
951	1106	1107	0
991	1106	951	0
991	1105	1106	0
1018	1105	991	0
1018	1104	1105	0
1019	1104	1018	0
1019	1103	1104	0
1020	1103	1019	0
1020	1102	1103	0
1027	1102	1020	0
1027	995	1102	0
1028	995	1027	0
1028	1033	995	0
1028	1035	1033	0
1029	1035	1028	0
1029	1036	1035	0
1031	1036	1029	0
1031	1037	1036	0
1032	1037	1031	0
1032	976	1037	0
964	976	1032	0
1033	998	995	0
1033	1038	998	0
1033	1178	1038	0
1035	1178	1033	0
1035	1175	1178	0
1036	1175	1035	0
1036	1174	1175	0
1037	1174	1036	0
1037	966	1174	0
976	966	1037	0
1038	996	998	0
1038	1173	996	0
1038	1172	1173	0
1178	1172	1038	0
1178	1171	1172	0
1175	1171	1178	0
1175	1170	1171	0
1174	1170	1175	0
1174	979	1170	0
966	979	1174	0
1173	994	996	0
1173	1169	994	0
1172	1169	1173	0
1172	1168	1169	0
1171	1168	1172	0
1171	1166	1168	0
1170	1166	1171	0
1170	978	1166	0
979	978	1170	0
1169	949	994	0
1169	1167	949	0
1168	1167	1169	0
1168	918	1167	0
1166	918	1168	0
918	927	1167	0
1167	993	949	0
927	993	1167	0
1041	1014	1039	0
1039	970	958	0
1014	970	1039	0
917	1112	1040	0
1111	1112	917	0
1166	981	918	0
978	981	1166	0
918	985	927	0
981	985	918	0
985	982	927	0
927	950	993	0
982	950	927	0
1040	992	952	0
1112	992	1040	0
1041	895	1014	0
948	988	1041	0
1014	960	970	0
895	960	1014	0
895	973	960	0
967	1132	1122	0
1034	971	959	0
1013	973	895	0
982	990	950	0
1013	1109	973	0
987	1125	997	0
1139	1125	987	0
987	1109	1139	0
1109	1140	1139	0
1013	1140	1109	0
1013	1141	1140	0
988	1141	1013	0
988	1138	1141	0
948	1138	988	0
1030	959	953	0
1034	959	1030	0
948	1114	1138	0
989	1114	948	0
989	1016	1114	0
952	1016	989	0
952	928	1016	0
992	928	952	0
955	1133	962	0
955	1122	1133	0
967	1122	955	0

